892408653
134788023
768747263
299941324
881386024
812562605
834879248
561434700
511506851
118584319
569975436
502446152
447199436
190339231
695761220
750114191
939373352
869980646
596252678
348885224
535095966
642789271
303847521
623254415
784793390
881043529
356854324
689013161
792522332
247801238
886330339
326337379
723279996
576313990
507405156
973943672
926937039
463726765
404769427
233128061
387398243
150443604
965772534
119119953
139483841
643057013
679392567
508049572
122174333
223655888
221028444
190340757
466246744
924488122
559565636
392944104
763479255
251855728
430586617
396048073
480361440
651459171
974185910
124737456
901364607
549746807
605520643
186437807
716583405
562516516
137553074
228495218
230769228
116141126
436674906
235909237
796665747
356231453
535521677
313803921
199788400
844798005
573642381
670382252
520805785
684738214
970096078
655629657
669516994
334711745
186750744
355055739
498103153
892523621
779445615
796097569
736822702
545256388
518268383
667108459
977510994
806249599
910023472
933971297
387242416
861768205
507888753
605293459
142914105
228175415
225673015
904280482
272230922
912608150
959683341
248253668
369785213
575015612
238300244
200780066
174759139
349076389
459896273
895542879
695115270
143216621
235816876
517398123
421584687
752100628
852051004
887515247
664881335
651812652
196277781
627705869
886708285
754714134
575817837
630549803
232415033
495946163
989760331
278843834
203073106
444035367
529878058
246654638
536143061
798635727
309084748
696315817
948707922
266887238
707547682
445355833
473774421
906982880
813419758
561801394
514994377
538268450
275280860
533028786
996028422
880157171
179182825
350607765
608205727
871705537
540729273
710890771
789714067
447363203
412010303
942285162
417269810
469251158
981568275
276312156
647219439
591009841
874257080
979170331
306157247
978206684
146107498
483680256
774058412
745974615
531102812
638816480
669272691
437725894
420303149
570447124
115761723
865304542
268725563
958623752
807561402
736449568
139500848
866272198
947111376
105417228
792538076
482533663
700514617
493508002
799575115
215598163
260837414
345624539
238715966
780046047
265415002
187025757
566144604
625011333
122238144
616783377
757680338
863401919
810858794
724770386
628382123
163386846
808937898
888561829
935480519
556322646
751109769
668871925
529061076
441377595
160674473
629589229
135379118
437139194
607088408
434568757
718848479
278481311
679555281
481777693
364675726
596131891
926080783
336268718
770271189
706388340
479548469
417438574
659085077
457597985
119549896
196606306
844143124
760155541
687988462
646338303
358046978
442571289
887203814
268181375
192364703
385858702
944264534
620646899
236651772
807905592
389671054
461101563
899539050
791978613
130018958
782230736
704965339
383798333
474626139
209037602
438398283
148448635
265026111
629612547
315079562
972002879
301878458
357600988
293059604
355082062
411465455
950382206
178150374
513921320
482181023
580695607
258910566
185064620
374407477
184281934
904813653
620072709
111787162
924396635
709801985
805212009
752811744
217883366
971696304
287623434
666464613
437109277
347880689
948558142
199818990
760084987
886111599
605967500
110626472
304739781
269609607
738747557
985916306
670730003
306609388
985826982
794204006
861711981
881267846
561035276
584750133
188670091
718295740
644319664
181844444
561940188
918206408
627688107
871661697
507174990
984848666
726303343
568061156
805422177
554411073
316004971
263299737
745127242
124619974
769942601
931422575
327466117
605544830
309060573
732073245
947190986
222815583
491619419
364597004
678061223
408076864
228432562
498893139
408524535
344390033
971426200
117364246
145038846
626340655
890471027
705489057
772151433
619896578
359888299
400747680
462764312
977564900
893360977
402757651
604009393
222415835
528162029
949609865
689201839
273882266
206012634
567838860
946151972
253764017
472963996
817217987
460921259
451896062
523851061
240288470
770711955
841033636
537466941
653673251
225860888
282469682
233889679
404703252
961247071
160698435
681291630
323178169
822967472
773427390
934851014
900117657
817993481
171782657
152074351
894846658
925901345
492973311
715041623
491486189
539775666
490705206
163287604
300115413
786931897
619667290
119917310
163039011
859294210
576013555
470683966
245141477
638422899
294949096
156476790
988728042
712039457
883660500
288737190
900712673
138211307
237435449
570668558
903246819
668853126
674935339
662408981
479932514
727146963
478124872
205627553
901265332
101407614
381496943
587982471
265169118
650254345
898789612
589974158
790378361
772902948
244969088
951933101
593412398
781366873
390585268
328828840
460647295
444521034
327363098
891589158
620583800
842057143
795407377
932473718
329484078
220441837
906979175
597905487
129437054
681459334
403507779
890015880
181460105
493689998
382709727
933462182
517496603
227126795
957755970
243602740
914535486
363670941
606480784
779939004
388656571
199499188
695572349
480479863
447777893
880855227
222410388
760076073
252933933
641047888
662699373
680751040
234007258
136168494
920046897
463121098
183849034
734158686
488939772
679299878
436871119
163345980
169980052
842201981
930165365
274659212
124480305
815316508
428298355
337571302
209440154
404594068
878535747
603110945
642100923
925122332
517880481
134133329
418626004
978972595
527627350
660172091
767042755
383416488
398573716
529767402
113160630
879534669
630296323
334437752
364706221
470063964
753718407
895015764
421832888
875642469
302056664
937787812
427365143
288137810
206437799
638450232
745581370
947947102
858879972
176312454
690790768
482464010
939212096
728795794
944031447
423646365
113491652
951634005
977514838
621372494
318540713
305806411
493790345
759752775
962339356
157522499
672779669
544620435
851317936
836479169
737982099
858639800
331740322
986132590
397255207
837966919
274910439
264321760
823946850
170189831
681217390
987625079
836323339
753004312
963162024
176404479
823701193
641508889
224205477
456893138
208605800
499351846
704960289
948182120
413323127
946708263
343718475
223551276
168211250
162843680
766315148
907184645
408736781
492097000
860366246
823354465
496265464
535966459
277585975
495639618
693062798
505724398
418218298
209854088
341358340
835519101
345910750
228193593
393027044
631581980
980584563
620639033
473905163
602921930
640727992
311073916
358321718
478305232
464368462
758541128
659166852
284231615
418284048
104442025
698478495
511622773
374718645
858474526
135395586
343005144
384788016
436763670
374753622
470954687
492882259
642210096
804943070
844815226
345126883
395241302
164914477
863096768
481029597
809790117
618704086
848133194
156963490
563563314
535477469
725887582
607417852
310131896
989935419
567602805
238571094
531060818
673227261
732252861
776014448
511915647
566146179
464520865
576191182
767534876
793967209
193373921
740830294
853378651
540330330
392478848
141972942
897652785
904799133
399151613
532213215
416368555
461044007
105612945
433672200
535526936
257736165
144701654
193579971
532393699
157310873
475703889
523667941
423773213
719792038
932231538
170022683
399283414
486639667
597544350
875507460
808012127
925015336
309713891
151045386
207435540
507419521
115845212
208531837
775541590
227849656
453075142
100319661
213284447
438541071
941687398
107277994
314694906
861260113
338697903
291150549
506743468
759694033
781921294
536299991
527221832
451204967
548640169
660495564
380526255
653358435
298187052
538806983
361978555
476079750
292926078
727964318
298081443
264609078
969090511
994128998
656625329
976184945
233898005
465490171
213827566
785046918
866662439
161895569
590874737
794399958
480028728
461287623
732003596
827759851
913558068
884307058
205541906
867500822
292073729
907209991
717717340
502747345
500303740
821278032
254902650
153929979
687440331
233150809
870145509
777514112
899406170
145502008
681427664
539601416
403284258
597611318
634592298
128112098
808096689
594061690
349736711
612309414
263502451
323823375
538919662
416410379
573078074
931449663
289917589
805364897
322543181
367022703
275821194
767143092
814236467
437182473
593783823
408261605
822042401
970995043
728312697
244039075
836862753
524854364
739862306
804539475
633039184
666426969
587851733
143237689
444444953
314029334
286654045
510986805
879760729
569959266
548514054
135241184
408695743
162893968
416477602
835501241
652047333
750726763
742707335
983366912
792242316
544961770
647421548
780436142
774072655
775763276
299277524
717501196
767513456
490201767
239139130
459210126
245386103
192130457
208009259
268382712
172228427
341423446
977209673
658461174
478192595
603009291
437470797
677513868
520876008
805770304
940180279
741375537
889548941
717138813
394116639
452327168
558401919
440055685
332940755
144308871
538055827
155154946
257561649
124675705
524742038
664549411
465450312
281777139
901294917
166606349
479022027
408391109
117254909
253660409
842084243
989679105
749811020
600373181
551805497
711401400
389828640
677770128
174849269
205893956
508284988
234743084
402394962
530701592
323854047
251354191
863944963
860747027
474633855
377073575
834146302
383144226
293674493
680646087
417231626
604120110
867901851
362453356
778138528
437340320
266313711
180339611
515679333
156034474
129637137
501558278
228845451
118039103
514393064
753893640
716103371
525773899
948452466
227078643
669941987
906153944
111299043
932185436
850533838
996793725
869048733
788930021
980223148
719534204
695056140
806164692
335809544
431141534
704644771
795794631
487539621
913594416
630955702
213171845
763046040
412707209
505812202
683086707
636629421
623305660
674104146
403158017
266359806
787213459
754495282
739442459
235382884
249779380
614086925
827066889
329885864
206267258
654074133
303683082
651744024
424400371
306063073
693844231
949719152
860917660
778641992
553383149
134955340
829917871
379802831
938678657
551448644
622658645
622616598
434472494
180255351
469869027
813874521
581491425
219073078
439602128
972712622
326826561
608206758
509135100
459453233
743112383
747916346
330151411
480761066
259436212
664604135
909215623
337265642
559535430
404254520
961068083
163414666
216339569
386394599
106409734
381776986
742261896
338245807
852870401
551625594
341322883
686091022
928221327
371053177
486911909
129436394
222859644
124901503
578921110
209184693
100512716
197897182
212967253
463402903
383470229
178670318
593880592
285263958
389000967
390124561
593610477
529949534
633987093
193638041
237592261
119637586
188874748
813009585
596769273
383329954
391051346
453566456
230126245
818949473
688883307
600402520
995825604
874261789
243157635
783631569
776032547
420087859
250338279
604297036
950929698
395248490
129021491
604252217
877774364
312684903
880196724
974947275
137988814
145972613
345850297
354321348
488239682
274043937
461400267
342100650
749995287
565915181
924551779
146261360
877345306
843295570
390280786
294613046
428138006
337832271
608253329
496139978
575127609
709121593
325731580
473372707
828723306
562947886
363184240
292795835
795223301
168675559
842336208
552850593
663777648
586065473
299371731
174964202
902933588
632391056
326547258
917185048
562572076
502740461
454017700
989405804
676461065
715544437
131210195
713488543
741571793
959786655
977336082
643571784
832460011
374692072
766105437
792313929
495245044
772297486
944427255
839382902
492937188
838620458
547254602
596641062
774188004
245829971
331923578
521714077
887574075
421620886
102545984
467742857
882342876
709783177
362032935
781455192
107037367
159678434
535209170
876474681
612079285
530684217
934635332
694962873
706639129
209814890
301954904
631935316
162747475
346365379
535863288
258447867
199905309
635923141
927300223
208490590
149900278
752839859
500109286
647402143
837489257
259919443
817891842
298196562
558283554
371524009
868518683
471164538
436792798
163996241
885363836
307861447
878928788
220776197
840723936
836323314
771966079
710035309
740330725
834163753
547677989
807342283
161747279
628313587
634963960
905384069
343304291
687578900
320386582
405078341
692955950
585991910
862699397
231425679
802328736
565175289
164624173
881742536
453181527
596657244
354597288
982271118
441323959
764281771
580857426
290638779
681085714
393280103
223567761
107859503
697129491
440548029
828674572
417714141
600555668
347880374
321836611
293180279
234387751
690855753
381658906
562688856
709520614
107358921
518618987
324318882
475008876
539896464
123285365
543830231
369496264
607460538
817619378
505646117
354077720
247165270
812742804
502829404
342195311
558472419
144961594
969256902
850295439
565122745
532075107
721136371
699292114
669739949
552710358
473783141
646553892
803501880
552428657
173667115
332767658
944440831
779460037
580008176
572184907
588255991
544133031
407065767
905659599
994613014
417267609
660555405
406416246
443358468
942935399
900415274
567938300
897190937
575967846
953887187
127299055
493937107
974632887
356539567
354227749
486308157
911618138
645046790
204123825
616961120
745983864
149876322
613416165
242926147
326026202
791518678
662138227
596613249
505422084
370193578
977202109
229697281
862109962
608859213
662396067
629660017
556853537
234787823
857478327
497463759
437910048
277281617
761991965
292410211
881846154
778738043
101485312
123916169
311573116
557741891
700291191
882592764
454970383
814402838
598333317
891157046
404229650
477827357
765645067
917349959
994797409
918948059
372391494
609504935
396771999
851385669
473237866
624327038
107819960
836276794
174187822
796665396
782180670
799655669
536285650
116448910
521935703
488777817
499022512
804055873
672628218
333196436
980211179
411636383
861002298
478164628
622368623
519833776
435173392
412908235
782374178
246207758
898191951
937886436
246547466
541996760
893492636
273688210
844677391
620152671
495466007
511838841
345592728
191128413
402675636
904295633
616611818
360086352
287365491
298498605
639385325
861013894
732556115
695936360
370770692
895398533
493448318
722621816
225207333
995604627
468937372
234327169
517258800
970559786
362755154
591140649
440792338
240662649
222819840
816763755
591369748
198295850
269528081
104654964
892019887
890321609
125322528
379987081
325909395
702292224
472706435
572251447
971400245
731019050
461822445
482417126
591885185
105322163
111995194
174842143
889708553
346259140
544245206
726555953
831665465
238832734
905475941
636426471
318313258
305961525
359019963
139749288
887744835
942037101
317060687
996431456
325666552
251025607
575221085
475089461
118989893
137682145
793794519
494520593
790509484
331991709
176668654
444897622
493058887
341528665
757128070
530399580
947069965
806641303
238993837
483245515
840299413
851799129
631160881
186260379
497315922
945925275
299509985
998640215
660089969
362952361
217232519
857735573
367102012
678238604
431236214
640622042
509456156
755544655
414061823
806669634
874618356
980947515
543003758
850992880
521411831
106612376
967573707
642203512
272713309
176956797
221903911
869085963
372710308
989733950
430489617
708764680
861390742
521314279
336185980
698094631
694244740
157784959
749709233
477737460
754306660
821702297
432587962
586601822
766865411
340262931
832333330
250899544
492989507
272507578
519895039
266182293
991317172
277338853
466641888
821577492
605336378
258598354
453235885
632958439
663934553
863521269
831995685
744759123
848697048
418804431
947294441
294552166
576567084
625677241
975006196
441437400
464250593
711671022
998087152
810160312
672743308
277259241
897263760
752399504
299203144
463997447
547875908
956458874
874279067
746551135
688413819
373025721
863177363
170324986
310557187
306329171
940794337
744038006
706222694
489224325
624969514
262973835
995371930
470492992
872197063
575004510
199964825
593102077
498751929
376045226
372427200
129014179
692895002
782276278
601129931
391896237
396801773
746966814
916389352
464608251
991656786
956948447
178258204
680009288
319874349
605788398
778841637
841086524
987191681
326534846
586640514
937909503
397469961
549772994
201893232
514604331
774931450
866876970
418740672
799462880
687635151
257128903
660669251
580400819
217408030
995152986
692867239
599553867
867705507
834308621
966215562
451272629
825275986
864592214
322778402
836648283
279232303
597114217
667568751
825364973
380104334
755063493
838484026
423484630
122313260
599714103
959768513
821574202
925149901
688154352
333742162
438737708
309057728
355865242
550380743
723375207
796431469
214944102
445597874
979968969
110465779
149051830
658131111
919073461
372593726
984652488
309427726
227419489
413036156
900021937
182874032
356532047
344520430
257014410
540607782
917166574
501981326
790841050
182611039
396209006
977831132
750452448
266840036
966269555
157063382
525076030
345044570
367762829
353495767
442719963
344866934
884719947
973101842
611705315
661432512
140095613
879594184
670494919
247233145
244552860
135328249
283915444
575313194
908097376
336449528
273401394
949221978
509199617
866957725
835711911
489936931
685478148
308026043
889763686
507891496
545492977
509453253
402333165
771353031
413774344
959861229
544144199
931458799
122665253
423458759
692125003
343203756
817372066
423082896
795692229
612909255
376999713
123380248
887813933
247745148
212078593
118810929
417332567
338907055
419160307
700296421
326980483
826192567
819624274
610079000
190592391
484743860
162425598
799552755
119293784
451436307
912816223
872255857
447539679
916203727
159388193
400127170
419674510
868852762
630914841
452945376
665985267
893308236
934385876
552895866
837713995
914744572
590057607
751618550
791434651
834780830
391831770
417885041
970106821
732152693
288046948
747859459
181209841
557429540
821707012
348400264
887688941
490703051
485389498
269703001
636560575
720115575
621139026
428854592
587545365
121528253
652939350
295669529
287419277
382846665
413002832
989510506
277320754
583517787
520443245
561590723
932028158
329599072
600957264
890567259
511404654
500604124
886454874
809727204
782328684
791849123
649946150
592665590
650740127
617074774
951573524
524696982
649229417
173568775
797116016
323484785
662118445
173128215
830530786
337664917
989464531
678461740
525144170
968964397
869510011
985568693
806314432
972321298
478479961
373824962
203375009
155250881
382784330
926952035
288147846
821885433
488916186
430148693
165776494
117971291
966951179
948358400
994553970
284915776
528461281
212352253
610983902
168892355
298196645
161276180
687506531
608618119
523734227
728937902
696399519
547119946
244004687
392059958
944980837
495631966
896606145
987963671
433224850
490381332
690361158
660728593
472849275
389873902
209773095
681915126
446453303
954584381
911628579
534430950
605306545
219390425
502097126
580383559
873536828
854567930
324085853
931135519
883195959
289932037
770468758
954682388
792871919
716606665
270436669
283724024
360631749
853578788
751431741
167818909
719799880
909481131
129305686
105679488
809189640
971578350
355698664
369364174
859678838
459408558
529080060
824772260
163907442
241095583
333653204
564121046
774347525
864656643
388466623
995445964
176306196
276238298
809003835
674338156
416201922
333802947
565021866
550549930
889121820
737144266
731425357
438208130
795630994
393462206
859695034
700374240
390378097
205139598
889822140
897176784
877101463
970695640
707314562
569608398
280911711
237584833
283985865
803911811
669293557
441662917
859333277
103662988
687899300
111249132
266015068
235258972
872989469
394424391
863232171
119373085
501687911
310733740
934976046
367360901
130407787
420618760
191821950
164317640
629855913
346235575
611181017
225877800
623468265
458043257
475094117
563256604
833160583
199947076
940966617
207025868
354509244
355595048
126557493
777217139
569730035
953782460
500179178
951891252
506796473
193469916
274609264
462244280
104168804
988672576
470778172
831402016
286565700
133896645
934404068
609012203
765138910
751649861
525975636
831119529
647444288
494269411
963217507
301993864
624109525
280164497
594494688
622763195
860936615
845219766
203163599
653240696
764792838
600547942
425085146
321314113
728533268
928244299
403022446
225175570
577302080
913576820
141399134
581211880
124436803
848711624
108130935
227208018
320298714
311182425
499321916
341078277
969900572
894925956
414370666
491359373
683368906
153905206
928605351
410699102
672983221
766052268
913590302
561556202
118743176
243457585
423049265
362376408
138187002
531978371
686880284
895111325
104104954
545393289
320777263
632829675
149188600
418105656
344423983
189144917
839037328
735147312
866566549
842792283
218833064
277857853
499616161
901058516
240570419
809853040
132578757
937015482
682839126
615760597
890010537
874032917
297800679
824706872
548778314
975630124
385016157
852958034
671370574
731459261
384791570
924244505
853580459
751772779
415477240
203422848
458415578
288758391
804356390
536804621
989644286
289837761
852772167
779005496
812696267
453570456
310249069
980530614
772230766
133236341
290850193
225422513
218128868
410777514
568528071
471701682
512180323
584990988
583583100
210071661
200289449
106007893
156171963
718986107
495892915
699316182
731110900
251915027
742097419
880933008
823328914
798486282
441076407
882451955
593420348
666772132
485540273
343679092
233833901
147443315
234492641
130364768
868218185
324057108
901606722
568519379
673371993
677859020
404312211
588421800
649396729
699024732
727679608
104140280
358952799
289118506
160663795
927884329
485367988
465743741
768243446
212547163
384962450
849304026
388452296
808878674
968064960
955082051
183823241
760713063
683981878
928981388
658768866
643747691
989906494
580877958
353064274
834301006
683669280
730072633
129820776
987265752
657337770
429689691
897801603
230950401
437849642
251820961
179341053
573078102
156219874
435050919
815411104
442389713
212375822
947893247
389556359
638181452
494421313
337782214
276844623
216303957
452944545
454802888
730640261
535073492
836719855
669255362
886811497
791630469
149661883
233999193
711510911
961393804
494628314
948462000
800071641
916107562
552612904
377478683
537238609
404898041
510784573
928481662
740721034
342939263
485352044
460974693
281809552
686003120
868756815
329204690
445233601
948841059
255480166
618633277
176309593
772613161
377877669
609467898
930516057
672994490
242449660
272286781
979540288
565019306
931908451
649362347
702141903
154377610
991272268
360975142
133294704
523282581
478869992
869613909
914376904
297207333
502057942
895271829
523153033
478864501
666350389
324041105
850000964
593783650
344726283
929895708
854318342
396225606
187181275
654685214
230755658
803488250
694610280
455183309
808603673
460684889
252083656
125462036
532486590
423281078
749760030
742477664
895897099
754200559
693756692
336199279
602794613
279367717
108934064
106727360
485239507
619734406
897580540
475250959
305098779
451172303
375516135
147367695
499619404
722297755
604077206
503645811
162393130
777790911
765009229
210741796
475818651
804621774
920502493
291647377
367604206
401130903
806589305
162196976
351238819
167190022
852224335
764592952
495946217
988037361
265310114
955025632
969004739
567622941
313121020
250790924
266726223
898780641
203434886
779167500
903597762
979807778
884273592
692243761
901075000
995681519
532152210
532705550
807231783
944553219
256034804
355121803
393078217
153800168
550648876
770183129
410585971
916359394
214219682
279523920
945852751
161598326
997483555
277069686
802220178
183979079
221333033
196554854
951696251
698492370
134843403
387604176
898023998
509210892
595777023
547299067
186952944
766688518
242288680
120796125
219159823
528766920
351348467
156983398
614761994
194422743
162943388
516544100
977113267
748854616
738653145
340877270
480817748
478061099
322497866
517853311
332447694
962858806
989682555
579416280
383609140
232854398
600581920
444818925
372985269
718796021
473976189
380974611
757033391
329025545
726962488
581768592
803589387
493039413
804545029
652872799
676504490
892916150
197496185
810382973
865434076
194949938
421536019
307995583
839495980
671223215
870049800
659082624
917282704
179773582
906481260
587973499
806384608
924296476
651075939
614057248
114618150
546405390
659762490
451943307
171228682
650768810
357032243
161718845
753514429
653363855
648092075
405602443
784237013
105698012
576672736
860633685
332158938
418416861
355047245
331401114
196293401
297184542
573262288
956121035
302866329
183267961
495445728
660909970
339664546
215823699
984734088
406615856
806499982
735224434
298705786
597218884
325472731
829577223
901227186
268135016
130289686
643760945
999292344
318776008
388486493
327607804
994566321
132896532
570276888
932694884
335982286
908860304
878315217
366851001
773747337
591153584
509024599
320894080
505271346
200620302
700671923
145437380
529588337
876348777
805846700
712450700
525403711
724205480
475241155
295569775
605346947
450240783
866007698
328453116
724461988
286701882
712641160
565399484
215761515
472063089
954584952
281792725
196334513
447017103
798262245
308545451
391777660
605391684
805628905
895258701
334394617
543795161
883185305
176773363
241626809
755650023
431863536
746434379
231716935
275067759
799294441
376405581
590015716
323509684
356116697
133977694
813108351
750245969
785706008
687851665
156627352
918038158
433190524
114531148
734513022
903183030
793451094
689046584
393774348
549053714
749675721
238344388
279595773
550903685
125203235
907728651
391927020
813429021
296556872
107542061
205490403
462778121
593024979
946982869
562002591
400209627
326924400
854828757
982155311
640682470
540806845
632870636
627839442
426281616
827023403
290960000
527767574
935256048
745926259
684473544
597499906
384896197
126129686
869430626
926471638
386564741
839505844
855760636
779134141
556173495
120052183
587614872
842155900
423908374
197778590
651581901
951450495
559848319
537985597
578944773
748306630
962551476
654711921
609863213
465382724
328517996
203443063
997354886
979768360
302666764
675465284
651246976
853390629
549295230
396900370
264932358
566670524
785672603
943989325
346448019
216184852
168662578
931115608
949120604
113264706
655212311
141235996
876485663
871546410
130197682
967986122
761472756
274783623
850400435
442074963
436194531
393974715
282399098
474515560
677574964
871336543
150787084
561587314
801033415
965335799
284161666
210224119
386917094
635709439
607741465
242905157
601577815
167622487
294518953
193080725
975779887
153525230
645252335
832261352
764447907
243105408
941104914
423333338
156033481
966259044
953189310
640991930
827266410
578728902
241423713
923227324
660326695
389784974
161646227
256807198
912127627
484500521
133742040
143120817
231716158
419150899
473199157
229413392
953628865
302374443
705592884
216510427
407944778
709256739
334934065
575739602
755132898
879603440
622287793
766918116
538077244
885300184
598589675
519272637
811489077
788479286
392063535
204074374
243759685
772902351
580288659
703128381
305374805
965170217
857024050
595718450
465613734
359409264
271403702
710795798
832819347
361242319
221616162
337843227
864350474
202019929
674688609
546765779
398509413
863743871
790849414
852360595
226191941
770633737
970842306
198599666
412143679
649710264
361232770
269892958
404600764
290189431
526052976
305946754
239136052
410668971
171844803
270230391
912226022
606220902
780105006
563531854
661825751
367067207
155332454
323950868
695563827
185036405
500374470
769393960
575370013
787285463
211556116
891135528
929928911
451757363
807741206
568886185
173029893
866998403
339207483
130002198
494748332
480821770
488153176
325762980
408592454
578494089
955354372
395991678
311429208
435841175
850406357
325325354
381918465
989407819
706208852
945178812
208156658
147391613
732567343
744508052
415605189
800053163
993093305
505946454
492056453
312555177
701976385
850780727
650251049
512159575
650348589
665760411
193545802
345248559
961237308
514468129
299201039
367390537
672309585
161005113
184045926
721088692
348951183
484788315
848202718
183438823
509028751
693999152
353332818
364780537
543240936
317840408
328235498
694302419
764540601
460987984
933003461
507915574
924208938
179733724
667029500
911639385
905487734
191985651
916964354
451894402
967088520
551962349
666392813
704825939
869423712
561572808
166075238
942416155
143715889
653123981
690767542
362049579
448846703
641490508
977888680
928134938
464293413
404094166
713768529
875201655
841888971
512912086
959531796
226284698
301959187
565225893
890008135
776674338
369554425
141681549
700913301
367995083
366296188
466142359
701587296
687848005
953971814
876135051
254948811
143757199
727525426
620311658
820883262
377693860
608512059
411211951
573384324
317934374
316705390
154442808
119237694
706882825
445633700
765631487
332044311
673758996
526382289
932495676
318440050
781191117
952407978
795977903
398763664
660723571
200184145
768457543
611701616
311861679
907149287
334484782
738875066
419870505
600575416
213222941
763531453
215101631
543961974
728742081
960570322
701435337
190774841
932270358
474787937
616336061
588336666
912354285
864691575
337238088
238642055
972348948
628967502
641189035
297188740
596523459
556480863
312770585
327122354
871191078
193413262
308528104
575003433
715567784
815066071
521308943
665541814
548032155
111590934
935361283
581909565
761687593
348366759
487898022
355327053
169493163
608463382
824398783
815829049
868329390
113405600
745898987
151025826
791416052
375872256
532717325
681675499
987239966
926021392
391268050
757270696
118782508
397857020
780178783
209684283
287422684
164359855
524752213
967468215
153338468
764930516
877684355
189054797
749050089
163943093
950630513
458810594
640683532
973451303
560053825
131240725
992517429
366558590
181436881
527966049
176242955
223426678
895016316
681300107
583829190
184091823
536535198
461915097
466253759
862871798
817690443
144988212
227188447
675381163
134213168
408704317
430006220
590602859
726166736
453133466
320550059
527963389
649405339
830301211
142395258
806400121
740774717
539164652
694712711
645171405
107241966
345287775
589310384